[graph]
category = Planar
weighted = 1

[Planar]
g_type = Triangulation
n = 30000
c_dist = 0.15
fn = laplace
keep_same = 1
sparse = 1
degree_max = 8
seed = 0

[Tree]
g_type = Balanced Tree
r = 2
h = 4

[Lattice]
g_type = 2d Grid/Lattice
m = 150
n = 200

[theme]
node = 0.20784313725490197, 0.2, 0.2, 0.796078431372549
edge = 0.2, 0.2, 0.2, 0.8
start = 1.0, 0.0, 1.0, 1
goal = 1.0, 0.5, 0.5, 1.0
open = 1.0, 0.0, 0.0, 1.0
closed = 0.0, 1.0, 0.0, 1.0
relay = 0.49891067538126344, 0.2993464052287581, 0.8980392156862745, 0.8
path = 1,1,1,1
node size = 0
node shape = Circle
point size = 6
opn = 1, 0.19999999999999996, 0.19999999999999996, 0.9

